-2.4498899943 .4248317267
2.8927239023 -1.8405579617
1.2677681250 2.0189657576
1.6607778530 .4616491196
-2.0679109530 -.1040339216
2.8877567336 2.9451251325
-2.3449286620 -.9176543038
-1.0094220981 .5891986936
3.2426408548 .5772286750
1.9843900973 .7046081718
1.6713228169 2.0890735612
.5263022228 2.5951265547
2.8798773197 -1.1425010286
-2.3211056377 1.1323947920
-1.6127920659 -.1155503526
2.9176643415 -1.1766429058
3.5938365822 -1.8882374870
3.3236379039 -.8491419124
4.4919856864 -2.0827366053
-1.9030503216 -.3517929601
-2.2522660960 .0933110650
-2.3973980816 -.4409897795
3.7496021036 -2.3092698528
3.1799343384 -2.4075617034
.7271594647 3.4932718397
-1.9239647518 .2242346003
3.6494659911 -.6607868566
1.0348471259 2.3164790734
.6807954390 2.6227448602
3.3544735079 -1.4596577586
1.3147410181 .6427416946
.4828982106 .8708168751
4.2891765320 -2.0975964127
2.5039334914 -1.9838052616
1.2266668279 .4102958717
3.2149332538 -1.4690104749
2.9604623449 -2.6874917323
1.6480707432 1.5791120902
1.7229031554 -.3148448071
1.9262636072 2.1546979981
-1.0403420512 .8821681234
1.3262751157 .8345862019
.5237715718 1.5440663664
2.8880640787 1.3487076922
-.5847679429 1.1264273297
1.9184879518 -2.1763714695
2.3235139281 -1.1757323804
.4125740375 2.4338795440
1.1775212481 2.6287834441
1.3942056343 1.4927966139
-1.8685136280 -.1774865880
3.2177972609 -.8540668630
-2.5675266385 .9879201073
-.4273711260 2.0508145709
2.8638361207 -.7811527667
2.6013004091 -.8052778443
2.8758355326 -.7987771114
-.9038934629 2.5186382727
1.2400160125 1.0813427021
-.6431156814 .2652769591
2.5388617161 -1.5591983040
.2662982505 2.1699539226
2.3460221412 1.1369341616
.6631702007 3.4716130352
-2.0109449960 -.2980348021
-2.8112980801 -.0840528849
2.4850187547 -1.9171466178
.1240602901 2.4124224477
.7934748543 1.3508915027
1.1538917330 1.9437086374
2.6226103350 -1.1726550673
3.6764786499 .1256254439
-1.6416794330 -.5457830118
2.6433953063 -1.4698680320
-1.5627138535 -.8074203943
2.6763554640 -1.4824116496
3.9325910807 -1.6785650487
-.3185389257 .9479727240
2.7349706433 -1.6289121314
1.5913354349 1.2968310450
2.6137924974 -2.4019309427
-.0553447384 4.1558333598
4.5905110001 -2.1540068227
2.3041980559 2.2255748478
-.8897062121 .4697427916
2.6591108239 -.5077374689
.4049693552 1.8772858511
.0741313435 2.6700859018
-.6274018362 1.9329059448
.1447476478 2.3545514696
2.6939927553 -1.1781854884
-.4879188245 1.8953106250
1.0151003610 1.0929435760
1.6414723395 .1385755076
1.9029679588 2.0578530411
-2.1404166852 -.3072397807
-.3661592181 2.2621798502
-.9587287211 -.9588858059
3.1936500891 -1.1180451445
3.0153226519 -3.0213754516
-2.4306878886 -1.9421528006
2.6206088230 .9345017611
1.5689235843 2.3812801882
2.2944074370 .6593040766
2.3566698062 .3790690668
.4688330200 2.7666274018
1.5942618003 1.6856280912
1.6662902718 2.1125015397
3.0029282108 -2.5785150871
-2.4339721536 .5042577066
.4632526238 1.8332420599
2.3729306664 -.1016431333
-2.3387406057 -.7256244832
4.0427102917 -.9119241480
1.9237560297 1.6833690309
4.1871877648 -1.6023611491
2.0677425955 .4610086927
-.8561569470 -.8415821825
.8694899763 3.5477092581
2.1887389350 2.4837820615
3.6555510890 -2.0833091697
2.0253237336 -1.9754145131
.3198938804 1.2092908975
1.5560674347 2.4714453975
2.4161781382 2.1149524240
2.7183942672 -1.6613585142
3.6195993543 -2.3211454711
1.7476841604 2.1312548502
-1.1311946284 .8842822726
1.6631563574 1.3300965334
-1.7758408287 -.9302948187
.5889315053 2.2532417133
-2.6849464543 1.1754044623
2.2009258655 1.5042621224
-.9996852676 2.8435320059
3.1722141712 -1.8721794440
-2.5061879460 .0285324152
.3399847513 2.1905196532
.8238976946 1.8028408202
3.3780722336 -1.5397459101
2.2600239431 1.9600528518
.4705977756 2.2932642787
3.5268006089 -1.5323711481
.8162598095 .7810117217
2.5898388796 -2.5581466973
-3.3545689161 .3352776201
1.1690105623 2.0560338178
.3683128199 2.8592800303
-.1577685826 2.3162807924
-.8335067499 3.1965735504
-.4306725309 2.9709244174
3.4213054021 -2.1887693643
3.5290385258 -2.0111389424
.1418412256 1.4872801793
1.0825434725 1.8537285635
2.0106506830 3.1319394603
3.2838535523 -1.5380872675
-2.9018793258 -.4331893582
.3646938712 2.1245367249
.2626943735 .9431479943
2.3290510328 .4121676042
.2617561016 1.7513039954
3.8352404989 -1.3957373164
.6869280488 2.3328647972
3.8222291078 -.8131955441
1.9876439592 1.4949781417
3.1159791363 -.7211130805
1.3258728890 2.7240114487
2.0511781075 1.4015394132
3.0394077132 -2.1445386021
2.7500765911 -1.7876961694
2.4361688648 -2.1317279302
.7161849363 1.4932478773
-2.0361028353 -.2543137916
2.2952149143 3.5174087273
-2.0656459086 -.6382561762
.5847030207 1.7999270993
.1453460217 2.6910710795
2.7071288426 -1.4320118146
2.0798962039 2.8192451185
2.2210831223 2.3346248142
.4086080559 1.4687908858
-1.2765165899 .1619286055
2.9638885633 -1.5725727369
-1.3640959516 -.1620559843
-2.2362687582 1.2793937019
-.5973147340 -.4450312056
-.6397421086 2.8473012736
.6414965450 .4804994553
-.0758764304 2.0798491591
.6396339050 1.2729315103
-3.4149156479 -.3737563087
-1.7816254310 -.6304308220
.7622762264 3.3129524566
-2.8604251070 -1.1481283676
-.6098579109 3.3338034170
3.1269815721 -1.0485283717
-.4311773023 1.5600450826
-2.1452114809 -.9193586717
.7953963011 2.4928612076
1.0280674223 1.4917940536
1.1767480281 1.6414957092
.0822312981 1.0429981554
1.0213457977 .9631729029
1.1483078874 1.1959830492
2.6735185296 -2.3415187398
3.2079993503 -.9983883339
.5772909037 1.2618721302
.4149041092 1.5778303673
2.1856683324 1.8385676717
2.9413014973 -1.7357384242
2.1054946748 -1.8321998928
2.9678078608 -.3406308332
-2.0959786622 -.2285630071
3.5723192753 -1.5709213148
-.9395511560 3.7333431399
1.1891944151 1.3949552334
1.9903500917 -.5020055238
1.3949625291 2.0139738619
2.2136152676 -2.3560702139
.7487146649 1.4500657215
1.3751707732 1.5141191372
.6068846765 2.3419517880
2.0273731646 -.3968858061
2.6859198090 -1.6222293693
-1.1257823734 2.5920967397
2.4971964945 -2.0618250322
3.1425554025 .9961825984
.3167739543 2.1654598336
1.6687996334 1.1802678898
-2.4491372644 .0670186834
1.6933122814 -.6626413143
-2.7994973409 -1.3387437447
-1.8600403183 -1.9909852372
-2.3776844413 .5030177996
.2972820650 3.0366862312
2.1307794597 3.0319413976
.9808856216 1.5651084010
1.0651526632 -.1277217593
2.1448504143 1.2558661247
-.5530981494 3.6521558845
1.2691123006 1.8395874418
2.2187134507 -.7759657958
2.6540518877 -2.3719541650
1.4581509885 2.3672476822
1.1005479580 2.2526535975
-3.4186439775 .3584838420
3.1094417569 -1.5949251377
3.6816236827 -2.1358494882
-1.9149354213 .5776152182
-1.3458856366 .3871137869
-1.9930701500 .0602566233
1.2497744429 1.5711058166
-3.1970983461 -.5894285771
1.9204539026 .8973115869
-1.7415477243 -1.5012815406
2.3744218239 -.6028608823
2.5337709496 -1.2770503710
-2.2596731513 -1.5596950043
2.7388310287 -1.8405684953
-3.9087352040 -1.3588481446
-2.8257006305 -.6391214291
1.1175935734 2.6873197660
.2175470159 2.0961813448
1.3371488794 .5755455578
-1.8172091205 .3768562967
.1033851194 3.4403870807
-1.5068429832 1.7077946853
2.3421696664 -1.2705029504
1.1607943022 2.3720536315
-2.6312346207 .3368644766
1.4581388458 1.3259336774
-2.3298320879 -.3144914016
.2706490795 2.5705074636
1.4607464005 .3266060552
.5149296733 2.7949778290
2.2861193005 -1.4257073601
-2.2659267111 2.7050784229
2.0719065934 1.4707864965
-.8352940265 3.7066762880
1.9670409475 .0896610857
.3146949608 2.5311720099
1.0948493504 2.0773249315
.9699387216 3.2022773773
-2.3855083261 .0399739569
2.7728770043 -.9687715708
2.7439160393 -1.3550796475
2.1358773210 -3.1362527376
.6007488098 2.2041372259
4.2222097796 -1.7427428831
.0401225701 1.8781835875
1.5314360992 .8246983044
3.4885040854 -1.4588953061
-1.2254763693 2.8680698864
2.4650480001 .4963870175
-.3340639333 2.7559505069
3.2463126518 -1.1603182849
-1.1473270749 .1251002996
3.1389692172 -1.2958575962
3.1144675869 .0737362068
-.2004902898 1.6948306856
3.1910581719 -1.2593747453
1.7579631909 2.0322243053
2.9390983344 -2.0122036678
3.1938812324 -1.9023769111
1.7977353565 2.2918341069
-.3963325913 2.4732230629
-3.1086533876 1.1920920729
2.7624952505 -2.2119716805
1.8956937050 -.7523159406
2.8917700662 -1.7943368129
1.7222535789 1.2821152739
1.5129121145 1.8848845304
1.4521639855 1.2724666023
.5168785999 1.1287381950
1.0041750964 2.9314323615
1.1327638867 1.8428594385
-1.1414414824 .0043615434
3.8271047622 -2.0414129623
1.2007071045 3.1798540756
3.1225533577 -.5109156168
3.2075703930 -.5888479071
3.1134170446 -1.3448855802
-2.7804808166 -.7704148538
3.3203841365 -1.9030109209
2.4124291830 -1.1486124275
2.0552279813 -1.7536083697
-1.4329480507 -1.0189952223
1.9641147040 .6235059333
-1.8800338388 -.1525840088
-1.4450416337 1.0411007783
.5098354269 1.4384907698
3.3953860739 -1.6891363543
.2130357139 2.2032700103
2.7243400948 -1.5249593602
.8745027956 2.1964899653
-2.0786250190 -.9641049967
.1127798541 3.4668058004
-2.1318431580 -.4298605459
-.5779198142 2.1695521036
2.2911795264 1.8442286033
1.3662833248 2.7184450446
2.4017009457 1.4735559612
2.0651183429 -2.4951817834
2.3539175206 1.2949740927
.0847090836 3.2626939857
-3.1377816506 .2030949485
1.6009573471 -2.2882590288
.5327041089 2.2403224446
-2.0250854679 1.1832319553
.6706469605 2.2076661037
2.4594704145 -1.8299265340
2.7758211788 -1.4777645088
.1514593140 .6967181390
1.1818889559 2.3613081224
3.0068206890 -2.4867843545
2.5979120137 -1.9034779010
2.3579053609 -.8901889072
-2.0935058045 -.5603224201
1.3742099400 2.3507343350
2.7948800728 -1.6482764036
1.7649223702 -1.9844272675
-.0443494161 2.0081109471
2.9386260624 -1.2330283331
3.3638150740 -1.6795672574
-3.5110016968 -.1147867662
1.5168564569 3.4157220888
.6904049664 .3904309463
.7134330673 1.7062259451
1.9385464976 2.0398692763
-1.2985231006 -.4746493952
1.3454727483 2.6155540299
1.3107628685 1.6590185507
1.6883683677 .6181414251
2.5436965044 -2.1967896510
1.7956791011 -1.7119446491
-1.8570544731 -1.0043559876
-1.5569691574 .6670597751
3.3905761392 -1.3269450601
3.2861795190 -1.4103077047
2.4887266343 -2.1693474590
2.1305873385 -1.8232132519
.1138040503 1.6797140139
-2.4045455328 -1.1824510660
.5842004599 2.0621858124
-.5352549490 2.5733589786
1.0255228302 1.7513987587
3.4099656981 -.6805451282
2.2351228870 -.9527950020
-.0348392322 1.5423151504
1.4686129846 2.4637023551
-2.5312071148 -.6524890482
2.6492063460 1.0587159792
2.9876515570 2.0613661601
.1691884199 2.3844734778
1.9896537216 1.4656135159
.9090860637 2.8705482802
3.1946250576 -1.8473946548
-3.2494347062 -.1342186737
4.0363170578 -1.7468579362
3.1028547921 -1.7979772045
-2.7833697495 .4254830956
-2.2439333702 -.0692720918
1.4615609396 1.7436009619
.3354228541 1.2564211098
3.4348498229 -1.3492204292
-1.6933183552 .0617845683
1.4256435119 2.6357409966
3.0612628046 -2.7292566776
-.4871114264 3.9662661553
.9101422683 1.7174721246
1.5850993370 1.0166827505
1.9113154962 .4071093759
3.8019440135 -1.9795969903
-1.7402411987 -.4388787381
.2713376432 2.6749556584
-2.3140372919 .6478097424
1.5392231142 .8772844326
.8374494962 .7034366445
3.4976577920 -1.9520767857
1.0364962739 2.4762951393
3.1746555160 -1.0133672206
3.6596439612 -1.6684718911
2.8066819501 -2.6704273268
1.1702715530 1.3867628776
.7540705034 1.8385135039
2.9406500679 -1.4875960853
2.5697292911 1.9962487784
1.7127310637 2.4596339188
2.7422445682 -.5721504101
1.7631674593 .5228502849
-1.6040514212 .4765213209
2.5781297451 -1.2421776112
.6886701067 2.7694568250
1.1338070532 2.0473834065
-.2157379576 .8910956609
3.4131703848 -2.4941011975
2.7092253035 -.9645898934
3.4909694508 -.9402449177
.7785923731 1.8326426936
.5062930182 2.3394346404
.9080092109 2.4622380063
1.1744252998 1.3803414394
-.4282769577 2.7275733975
3.6328805745 -2.0945641284
-2.7865002874 .4331251058
-1.1299581913 -1.1876526606
.1068944603 2.3186641350
2.5009357975 -.7382408238
-1.2711140398 .1470838357
-1.3952206109 .9219285127
.7596182742 2.6381573195
2.7866186704 -2.2871829172
.1450940330 2.0361607967
2.6574499414 -.6756406461
1.3427243372 1.8365576045
-.6581986300 1.7426670181
.0995390959 1.2502305958
2.1366888292 -1.4761642369
-2.3074805123 .1425047994
2.8343360877 -2.1723970105
1.2703499427 2.9777254411
.1780938082 2.2146323620
3.2613793003 -1.9126750021
-.7738676831 -.6175895576
2.5605919675 -1.1922834164
3.2681430530 -1.2673814619
3.4134109633 -2.0679023494
1.3120260870 2.0919083914
.5957227971 2.2524771066
3.8988644645 -2.3658202375
2.5862538689 1.6417534085
1.5181056858 -1.5073439468
2.9061628219 -.9902343120
3.2907421107 -.9585597559
4.0033853308 -.9477477821
-2.6502897500 -1.0499244560
.9592024227 2.2510724949
-1.5278055654 1.3049506007
-.0680576441 2.1987146431
3.1637699667 -1.9918908636
2.4498683798 -1.4993577268
-1.6229115806 -.0679476579
1.1038352492 .4834243044
3.0953055750 -2.1885118122
-1.7027015025 -.1710434726
1.3097403652 .9996064591
2.8871447279 -2.1238679225
3.0294782890 -1.3250042586
2.9851075159 -.3218884567
-2.3338852605 .4686379098
-1.5596963544 1.1537058388
.7211283789 2.1102690961
-.4554989328 1.7637460567
-.6705470843 2.3418589246
1.9097056216 1.2539332863
3.1605128399 1.3694867983
-2.2144877966 -.7599501646
-1.9751424799 -.0116565339
.3012350930 2.4629727614
